470128356
407128356
478120356
47128356
407128356
427108356
478102356
478120356
478126350
47128356
407128356
47128356
147028356
47128356
407128356
427108356
427018356
427180356
407128356
427158306
478012356
478120356
408172356
478152306
478102356
478120356
478126350
478126305
478126350
478120356
478126350
47128356
407128356
47128356
147028356
47128356
407128356
427108356
47128356
407128356
47128356
147028356
147028356
147208356
47128356
147328056
47128356
407128356
47128356
147028356
47128356
407128356
427108356
427018356
427180356
407128356
427158306
427018356
427108356
27418356
427318056
427108356
427180356
420187356
427186350
47128356
407128356
427108356
427158036
427158360
427108356
427158306
478012356
478102356
78412356
478312056
478102356
478120356
478126350
48172356
480172356
408172356
478102356
478152036
478152360
478102356
478152306
478012356
478120356
408172356
478152306
478102356
478120356
478126350
478126305
478126350
478120356
478126350
478126035
478126350
478106325
478126305
478126305
478126350
478120356
478126350
478102356
478120356
478126350
478126305
478126350
478120356
478126350
47128356
407128356
47128356
147028356
47128356
407128356
427108356
47128356
407128356
47128356
147028356
147028356
147208356
47128356
147328056
47128356
407128356
47128356
147028356
47128356
407128356
427108356
427018356
427180356
407128356
427158306
47128356
407128356
47128356
147028356
47128356
407128356
427108356
47128356
407128356
47128356
147028356
147028356
147208356
47128356
147328056
147028356
147208356
47128356
147328056
147028356
147280356
107248356
147258306
47128356
407128356
47128356
147028356
147328056
147328506
147028356
147328056
47128356
407128356
47128356
147028356
47128356
407128356
427108356
47128356
407128356
47128356
147028356
147028356
147208356
47128356
147328056
47128356
407128356
47128356
147028356
47128356
407128356
427108356
427018356
427180356
407128356
427158306
427018356
427108356
27418356
427318056
427108356
427180356
420187356
427186350
47128356
407128356
427108356
427158036
427158360
427108356
427158306
427018356
427108356
27418356
427318056
427018356
427180356
407128356
427158306
27418356
207418356
27418356
427018356
427318056
427318506
427018356
427318056
427018356
427180356
407128356
427158306
427108356
427180356
420187356
427186350
402187356
420187356
420187356
427180356
427186305
427186350
427180356
427186350
47128356
407128356
47128356
147028356
47128356
407128356
427108356
427018356
427180356
407128356
427158306
427158036
427158306
427058136
427158036
427158306
427158360
427150368
427158360
427018356
427180356
407128356
427158306
427158036
427158360
427108356
427158306
478012356
478102356
78412356
478312056
478012356
478120356
408172356
478152306
78412356
708412356
78412356
478012356
478312056
478312506
478012356
478312056
478012356
478120356
408172356
478152306
478102356
478120356
478126350
478126305
478126350
478120356
478126350
48172356
408172356
48172356
148072356
408172356
480172356
480172356
482170356
48172356
480172356
408172356
478102356
478012356
478120356
408172356
478152306
478152036
478152306
478052136
478152036
478152306
478152360
478150362
478152360
478012356
478120356
408172356
478152306
478152036
478152360
478102356
478152306
478012356
478102356
78412356
478312056
478102356
478120356
478126350
48172356
480172356
408172356
478102356
478152036
478152360
478102356
478152306
478012356
478120356
408172356
478152306
478102356
478120356
478126350
478126305
478126350
478120356
478126350
478126035
478126350
478106325
478126305
478126305
478126350
478120356
478126350
478102356
478120356
478126350
478126305
478126350
478120356
478126350
478126035
478126305
478026135
478126035
478126305
478126350
478120356
478126350
478016325
478160325
408176325
478126305
478126035
478126350
478106325
478126305
478126035
478126350
478106325
478126305
478126305
478126350
478120356
478126350
478102356
478120356
478126350
478126305
478126350
478120356
478126350
478012356
478120356
408172356
478152306
478102356
478120356
478126350
478126305
478126350
478120356
478126350
478126035
478126350
478106325
478126305
478126305
478126350
478120356
478126350
478102356
478120356
478126350
478126305
478126350
478120356
478126350
47128356
407128356
47128356
147028356
47128356
407128356
427108356
47128356
407128356
47128356
147028356
147028356
147208356
47128356
147328056
47128356
407128356
47128356
147028356
47128356
407128356
427108356
427018356
427180356
407128356
427158306
47128356
407128356
47128356
147028356
47128356
407128356
427108356
47128356
407128356
47128356
147028356
147028356
147208356
47128356
147328056
147028356
147208356
47128356
147328056
147028356
147280356
107248356
147258306
47128356
407128356
47128356
147028356
147328056
147328506
147028356
147328056
47128356
407128356
47128356
147028356
47128356
407128356
427108356
47128356
407128356
47128356
147028356
147028356
147208356
47128356
147328056
47128356
407128356
47128356
147028356
47128356
407128356
427108356
427018356
427180356
407128356
427158306
427018356
427108356
27418356
427318056
427108356
427180356
420187356
427186350
47128356
407128356
427108356
427158036
427158360
427108356
427158306
47128356
407128356
47128356
147028356
47128356
407128356
427108356
47128356
407128356
47128356
147028356
147028356
147208356
47128356
147328056
47128356
407128356
47128356
147028356
47128356
407128356
427108356
427018356
427180356
407128356
427158306
47128356
407128356
47128356
147028356
47128356
407128356
427108356
47128356
407128356
47128356
147028356
147028356
147208356
47128356
147328056
147028356
147208356
47128356
147328056
147028356
147280356
107248356
147258306
47128356
407128356
47128356
147028356
147328056
147328506
147028356
147328056
147028356
147208356
47128356
147328056
147028356
147280356
107248356
147258306
47128356
407128356
47128356
147028356
147328056
147328506
147028356
147328056
147028356
147208356
47128356
147328056
147208356
147280356
140287356
147286350
17248356
170248356
107248356
147208356
147258036
147258360