147508236
147058236
147580236
107548236
147538206
147058236
47158236
147258036
147580236
140587236
147586230
17548236
170548236
107548236
147538026
147538260
147538206
147058236
47158236
147258036
47158236
407158236
47158236
147058236
147258036
147258306
147058236
147258036
147580236
140587236
147586230
104587236
140587236
140587236
147580236
147586203
147586230
147580236
147586230
17548236
107548236
17548236
517048236
107548236
170548236
170548236
178540236
17548236
170548236
107548236
147538026
147538206
147038526
147538026
147538206
147538260
147530268
147538260
147538026
147538260
147538206
147058236
47158236
147258036
47158236
407158236
47158236
147058236
147258036
147258306
147058236
147258036
47158236
407158236
47158236
147058236
47158236
470158236
407158236
457108236
47158236
407158236
47158236
147058236
147058236
47158236
147258036
147258036
147258306
147058236
147258036
147258036
147258360